{
    "F_fanger": {
        "ET": {
            "y_test": [
                1,
                0,
                1,
                0,
                0,
                0,
                1,
                0,
                0,
                0,
                1,
                1,
                -1,
                1,
                0,
                -1,
                0,
                0,
                1,
                -1,
                1,
                1,
                -1,
                0,
                0,
                -1,
                0,
                -1,
                -1,
                0,
                -1,
                1,
                1,
                1,
                -1,
                1,
                1,
                -1,
                1,
                1,
                1,
                1,
                0,
                1,
                0,
                -1,
                0,
                -1,
                1,
                0,
                -1,
                1,
                0,
                -1,
                0,
                -1,
                1,
                1,
                -1,
                1,
                1,
                1,
                1,
                0,
                0,
                1,
                -1,
                -1,
                -1,
                -1,
                0,
                1,
                -1,
                1,
                -1,
                1,
                0,
                0,
                1,
                -1,
                0,
                -1,
                -1,
                -1,
                -1,
                1,
                0,
                0,
                1,
                1,
                1,
                -1,
                0,
                1,
                -1,
                0,
                0,
                -1,
                1,
                0,
                1,
                -1,
                0,
                -1,
                1,
                1,
                1,
                1,
                1,
                -1,
                0,
                1,
                0,
                -1,
                0,
                1,
                -1,
                0,
                1,
                -1,
                0,
                0,
                1,
                1,
                -1,
                1,
                -1,
                -1,
                0,
                0,
                1,
                -1,
                0,
                0,
                0,
                1,
                1,
                -1,
                -1,
                -1,
                0,
                -1,
                0,
                0,
                0,
                0,
                -1,
                1,
                0,
                1,
                1,
                0,
                0,
                0,
                0,
                0,
                0,
                -1,
                -1,
                1,
                0,
                1,
                0,
                0,
                -1,
                1,
                1,
                0,
                0,
                -1,
                0,
                -1,
                0,
                0,
                1,
                1,
                1,
                -1,
                0,
                1,
                1,
                -1,
                0,
                -1,
                -1,
                0,
                1,
                0,
                1,
                0,
                -1,
                0,
                0,
                0,
                0,
                1,
                0,
                1,
                1,
                0,
                1,
                1,
                -1,
                -1,
                0,
                -1,
                1,
                1,
                0,
                -1,
                -1,
                1,
                1,
                -1,
                -1,
                0,
                0,
                -1,
                1,
                -1,
                0,
                1,
                -1,
                1,
                -1,
                0,
                0,
                1,
                0,
                -1,
                -1,
                1,
                1,
                0,
                -1,
                1,
                1,
                1,
                1,
                0,
                0,
                1,
                1,
                0,
                0,
                0,
                0,
                0,
                0,
                -1,
                1,
                0,
                1,
                -1,
                0,
                1,
                0,
                0,
                -1,
                0,
                0,
                1,
                1,
                0,
                0,
                1,
                0,
                -1,
                1,
                -1,
                -1,
                0,
                1,
                -1,
                1,
                0,
                -1,
                0,
                0,
                1,
                0,
                -1,
                1,
                1,
                0,
                1,
                1,
                0,
                -1,
                -1,
                1,
                1,
                1,
                -1,
                0,
                0,
                -1,
                0,
                0,
                0,
                0,
                0,
                -1,
                1,
                1,
                1,
                0,
                1,
                -1,
                0,
                -1,
                1,
                0,
                -1,
                -1,
                -1,
                -1,
                0,
                -1,
                -1,
                1,
                -1,
                0,
                1,
                -1,
                -1,
                -1,
                0,
                0,
                1,
                1,
                1,
                1,
                -1,
                1,
                0,
                0,
                -1,
                0,
                0,
                1,
                -1,
                0,
                0,
                0,
                -1,
                0,
                -1,
                -1,
                -1,
                -1,
                0,
                -1,
                0,
                1,
                0,
                0,
                1,
                -1,
                -1,
                -1,
                -1,
                0,
                1,
                -1,
                1,
                1,
                0,
                1,
                -1,
                1,
                0,
                0,
                -1,
                1,
                0,
                0,
                0,
                0,
                0,
                0,
                1,
                1,
                0,
                1,
                1,
                -1,
                0,
                0,
                -1,
                1,
                0,
                -1,
                -1,
                1,
                -1,
                0,
                1,
                0,
                0,
                0,
                -1,
                -1,
                1,
                1,
                0,
                0,
                1,
                0,
                0,
                -1,
                -1,
                0,
                1,
                1,
                0,
                1,
                1,
                0,
                0,
                0,
                1,
                0,
                1,
                0,
                0,
                0,
                0,
                1,
                0,
                0,
                -1,
                1,
                0,
                0,
                -1,
                -1,
                1,
                1,
                0,
                -1,
                1,
                1,
                1,
                1,
                0,
                0,
                0,
                1,
                0,
                1
            ],
            "y_pred": [
                1,
                0,
                0,
                0,
                0,
                1,
                1,
                0,
                -1,
                0,
                1,
                1,
                0,
                1,
                0,
                -1,
                1,
                -1,
                1,
                -1,
                1,
                1,
                0,
                0,
                0,
                -1,
                0,
                -1,
                -1,
                -1,
                -1,
                1,
                1,
                1,
                -1,
                1,
                1,
                -1,
                1,
                1,
                1,
                1,
                0,
                0,
                0,
                -1,
                -1,
                -1,
                1,
                0,
                -1,
                1,
                0,
                -1,
                0,
                0,
                1,
                1,
                -1,
                1,
                1,
                1,
                1,
                -1,
                0,
                1,
                -1,
                -1,
                -1,
                0,
                0,
                0,
                -1,
                1,
                -1,
                1,
                0,
                0,
                1,
                0,
                0,
                -1,
                -1,
                -1,
                0,
                1,
                0,
                0,
                0,
                0,
                1,
                -1,
                1,
                1,
                -1,
                1,
                1,
                -1,
                1,
                0,
                0,
                -1,
                0,
                0,
                1,
                1,
                1,
                0,
                1,
                0,
                1,
                1,
                0,
                -1,
                -1,
                1,
                0,
                1,
                1,
                -1,
                0,
                1,
                1,
                1,
                -1,
                1,
                -1,
                -1,
                0,
                0,
                1,
                -1,
                0,
                0,
                1,
                1,
                0,
                1,
                -1,
                0,
                0,
                -1,
                0,
                1,
                0,
                0,
                -1,
                1,
                -1,
                1,
                1,
                0,
                1,
                0,
                0,
                0,
                1,
                0,
                -1,
                1,
                0,
                0,
                0,
                0,
                -1,
                1,
                1,
                0,
                -1,
                -1,
                0,
                -1,
                0,
                0,
                1,
                1,
                1,
                -1,
                0,
                1,
                0,
                -1,
                0,
                -1,
                0,
                0,
                1,
                1,
                -1,
                0,
                -1,
                0,
                0,
                1,
                1,
                1,
                0,
                1,
                1,
                0,
                1,
                1,
                0,
                -1,
                0,
                -1,
                1,
                1,
                0,
                -1,
                -1,
                1,
                1,
                -1,
                0,
                0,
                0,
                -1,
                1,
                -1,
                0,
                1,
                -1,
                1,
                -1,
                -1,
                0,
                1,
                1,
                -1,
                -1,
                1,
                1,
                1,
                -1,
                1,
                1,
                1,
                1,
                0,
                0,
                0,
                1,
                0,
                0,
                0,
                0,
                0,
                1,
                -1,
                1,
                0,
                1,
                -1,
                1,
                1,
                -1,
                0,
                -1,
                0,
                0,
                1,
                1,
                0,
                1,
                1,
                1,
                -1,
                1,
                -1,
                -1,
                0,
                1,
                0,
                1,
                0,
                -1,
                0,
                0,
                1,
                1,
                -1,
                1,
                1,
                -1,
                1,
                1,
                -1,
                0,
                -1,
                1,
                1,
                1,
                -1,
                -1,
                0,
                -1,
                0,
                -1,
                0,
                0,
                0,
                -1,
                1,
                1,
                1,
                0,
                1,
                -1,
                1,
                -1,
                1,
                1,
                0,
                -1,
                -1,
                -1,
                -1,
                -1,
                -1,
                0,
                -1,
                -1,
                1,
                0,
                -1,
                -1,
                0,
                -1,
                1,
                1,
                1,
                1,
                -1,
                1,
                0,
                0,
                -1,
                0,
                0,
                0,
                -1,
                1,
                0,
                1,
                -1,
                1,
                -1,
                -1,
                -1,
                -1,
                0,
                -1,
                -1,
                1,
                1,
                1,
                1,
                -1,
                -1,
                -1,
                0,
                0,
                1,
                -1,
                -1,
                1,
                0,
                1,
                -1,
                0,
                0,
                -1,
                -1,
                0,
                0,
                0,
                1,
                0,
                0,
                0,
                1,
                1,
                0,
                0,
                1,
                -1,
                0,
                -1,
                1,
                1,
                0,
                -1,
                0,
                0,
                -1,
                0,
                1,
                1,
                -1,
                0,
                -1,
                -1,
                1,
                1,
                1,
                1,
                1,
                0,
                0,
                -1,
                -1,
                0,
                1,
                0,
                -1,
                1,
                1,
                1,
                0,
                0,
                1,
                0,
                1,
                0,
                1,
                0,
                0,
                0,
                0,
                0,
                -1,
                1,
                -1,
                0,
                0,
                -1,
                1,
                1,
                0,
                -1,
                0,
                1,
                1,
                1,
                0,
                -1,
                0,
                0,
                0,
                1
            ],
            "y_proba": [
                [
                    0.0,
                    0.2638616647644889,
                    0.7361383352355121
                ],
                [
                    0.287368275000424,
                    0.5898339961925049,
                    0.12279772880707142
                ],
                [
                    0.11766771635491573,
                    0.4527504643067468,
                    0.42958181933833756
                ],
                [
                    0.002237029241686868,
                    0.6029575222417815,
                    0.39480544851653154
                ],
                [
                    0.2190725208825784,
                    0.7680295606377933,
                    0.012897918479628269
                ],
                [
                    0.0052509829946711575,
                    0.26957119953408304,
                    0.7251778174712465
                ],
                [
                    0.004902218568441787,
                    0.44161800780994104,
                    0.553479773621617
                ],
                [
                    0.3542759851129166,
                    0.5077727165353232,
                    0.13795129835176054
                ],
                [
                    0.5356242442250286,
                    0.46117248491747137,
                    0.003203270857500319
                ],
                [
                    0.1912432114992373,
                    0.6918570370660343,
                    0.1168997514347283
                ],
                [
                    0.0,
                    0.1275521445160195,
                    0.872447855483981
                ],
                [
                    0.010704384920139153,
                    0.41302315128598927,
                    0.5762724637938714
                ],
                [
                    0.3955105636167666,
                    0.5957243604609674,
                    0.008765075922265286
                ],
                [
                    0.0,
                    0.18254486518913743,
                    0.8174551348108634
                ],
                [
                    0.1370435471318284,
                    0.6621402864989018,
                    0.20081616636926983
                ],
                [
                    0.8219834226087538,
                    0.16872009535880847,
                    0.00929648203243774
                ],
                [
                    0.10027691466032232,
                    0.4296009628356,
                    0.4701221225040779
                ],
                [
                    0.9363369643390381,
                    0.0632982331181793,
                    0.00036480254278307517
                ],
                [
                    0.0,
                    0.07502436575475087,
                    0.9249756342452495
                ],
                [
                    0.6509147466166274,
                    0.3351191978893209,
                    0.013966055494051857
                ],
                [
                    0.006022767905084018,
                    0.4039887501192258,
                    0.5899884819756899
                ],
                [
                    0.0,
                    0.12263129646470626,
                    0.8773687035352943
                ],
                [
                    0.23497618536107495,
                    0.7379313439280473,
                    0.027092470710877403
                ],
                [
                    0.034245527334398715,
                    0.501683936054976,
                    0.4640705366106251
                ],
                [
                    0.08513230702744147,
                    0.6188560021076359,
                    0.29601169086492213
                ],
                [
                    0.934435037277794,
                    0.06041665425072662,
                    0.005148308471479672
                ],
                [
                    0.0714563868615692,
                    0.7798825806632458,
                    0.14866103247518495
                ],
                [
                    0.519727072936993,
                    0.4774850594124817,
                    0.0027878676505253613
                ],
                [
                    0.9383657440431099,
                    0.05864847131354457,
                    0.002985784643345465
                ],
                [
                    0.800813436581034,
                    0.19888548897180677,
                    0.00030107444715927074
                ],
                [
                    0.9314386577562433,
                    0.06726138427206634,
                    0.0012999579716903473
                ],
                [
                    0.0,
                    0.17186982794763764,
                    0.828130172052363
                ],
                [
                    0.0015359781313870986,
                    0.17649559542279677,
                    0.8219684264458175
                ],
                [
                    0.0,
                    0.4256031044152977,
                    0.5743968955847026
                ],
                [
                    0.7077785675351769,
                    0.27282305402170115,
                    0.019398378443122113
                ],
                [
                    0.009539046761350499,
                    0.21912245997453256,
                    0.771338493264118
                ],
                [
                    0.007397471918372932,
                    0.30827639117971806,
                    0.6843261369019105
                ],
                [
                    0.8691919490819258,
                    0.1254827468965276,
                    0.0053253040215470015
                ],
                [
                    0.017475613737356732,
                    0.20440831682063196,
                    0.7781160694420121
                ],
                [
                    0.07190302036092461,
                    0.42802940468059253,
                    0.5000675749584826
                ],
                [
                    0.009583233338597537,
                    0.29269920901261043,
                    0.6977175576487925
                ],
                [
                    0.0,
                    0.1639641371998865,
                    0.836035862800114
                ],
                [
                    0.39775863544577006,
                    0.5977092785940933,
                    0.004532085960136417
                ],
                [
                    0.12299032966521346,
                    0.5619634217207725,
                    0.3150462486140137
                ],
                [
                    0.0016660558432972968,
                    0.5318265319526528,
                    0.4665074122040498
                ],
                [
                    0.9892104342989516,
                    0.01009929584829228,
                    0.0006902698527560716
                ],
                [
                    0.5439126000710334,
                    0.45066303476777314,
                    0.005424365161193365
                ],
                [
                    0.9603974588390444,
                    0.03091825501516402,
                    0.008684286145791536
                ],
                [
                    0.0002868582969446413,
                    0.11689786857202197,
                    0.8828152731310339
                ],
                [
                    0.004647151284807069,
                    0.5955716256452042,
                    0.39978122306998837
                ],
                [
                    0.5833475996853533,
                    0.39871563933964366,
                    0.017936760975003272
                ],
                [
                    0.0,
                    0.2145600691213602,
                    0.7854399308786408
                ],
                [
                    0.47184208386152765,
                    0.5258625300739639,
                    0.0022953860645082876
                ],
                [
                    0.7852095533825386,
                    0.18838600179630965,
                    0.026404444821152045
                ],
                [
                    0.17947008107332113,
                    0.7606759242144933,
                    0.05985399471218557
                ],
                [
                    0.27108290274636093,
                    0.7136219202358423,
                    0.015295177017795994
                ],
                [
                    0.0,
                    0.40994156549597754,
                    0.5900584345040224
                ],
                [
                    0.0,
                    0.29418146223793773,
                    0.7058185377620624
                ],
                [
                    0.8976011835507758,
                    0.10154098811052943,
                    0.0008578283386942337
                ],
                [
                    0.0,
                    0.30741775209727923,
                    0.6925822479027218
                ],
                [
                    0.002713957781262195,
                    0.4063421749957415,
                    0.5909438672229964
                ],
                [
                    0.0002561542705980665,
                    0.22135510696693328,
                    0.7783887387624695
                ],
                [
                    0.002778514135156299,
                    0.18088730545765816,
                    0.8163341804071862
                ],
                [
                    0.5600377294190098,
                    0.2988091796401662,
                    0.14115309094082393
                ],
                [
                    0.032968950491661216,
                    0.5491250215540182,
                    0.4179060279543203
                ],
                [
                    0.0,
                    0.17950335692293387,
                    0.8204966430770668
                ],
                [
                    0.9247292416613216,
                    0.06598606895808379,
                    0.009284689380594426
                ],
                [
                    0.923924826203718,
                    0.06929657831334253,
                    0.006778595482939426
                ],
                [
                    0.8393584048062986,
                    0.15803403630768317,
                    0.0026075588860183137
                ],
                [
                    0.3029251314156946,
                    0.6935227055993977,
                    0.003552162984907698
                ],
                [
                    0.01669750993362152,
                    0.5020694806540229,
                    0.48123300941235525
                ],
                [
                    0.056700902398857764,
                    0.5572168891737486,
                    0.38608220842739355
                ],
                [
                    0.7765267695112479,
                    0.22042700586462996,
                    0.003046224624123
                ],
                [
                    0.0,
                    0.1323387144880717,
                    0.8676612855119293
                ],
                [
                    0.9867756730674726,
                    0.013224326932527572,
                    0.0
                ],
                [
                    0.0,
                    0.03361709470052598,
                    0.9663829052994745
                ],
                [
                    0.19681206028725023,
                    0.7350471400130628,
                    0.0681407996996867
                ],
                [
                    0.3158602106089125,
                    0.5491099884107459,
                    0.13502980098034148
                ],
                [
                    0.0007704284944231617,
                    0.15313834647482225,
                    0.8460912250307554
                ],
                [
                    0.2233517945334088,
                    0.7433560507496368,
                    0.03329215471695437
                ],
                [
                    0.1563762879562762,
                    0.7937255430442204,
                    0.04989816899950471
                ],
                [
                    0.9452698109931077,
                    0.05397632364597891,
                    0.000753865360913177
                ],
                [
                    0.8747651885721246,
                    0.12507005884388173,
                    0.0001647525839941849
                ],
                [
                    0.9473223339156241,
                    0.050988152927431425,
                    0.0016895131569443578
                ],
                [
                    0.2748925588725055,
                    0.7165428941228492,
                    0.008564547004645536
                ],
                [
                    0.008386930688335893,
                    0.3127761351097575,
                    0.678836934201908
                ],
                [
                    0.15561877574077568,
                    0.6856857494123518,
                    0.1586954748468725
                ],
                [
                    0.005281913757042899,
                    0.5055258115491078,
                    0.48919227469384924
                ],
                [
                    0.3293662339774461,
                    0.656395180559685,
                    0.01423858546286876
                ],
                [
                    0.003294136950942894,
                    0.5215744833365157,
                    0.4751313797125413
                ],
                [
                    0.000958350853350928,
                    0.17591658106152863,
                    0.8231250680851212
                ],
                [
                    0.5532210973102171,
                    0.40039030416931914,
                    0.04638859852046363
                ],
                [
                    0.04304327648166113,
                    0.4346224321097162,
                    0.5223342914086225
                ],
                [
                    0.02276510922835831,
                    0.42030158738627443,
                    0.556933303385367
                ],
                [
                    0.9879702367558049,
                    0.012029763244195054,
                    0.0
                ],
                [
                    0.0,
                    0.4312767786261662,
                    0.5687232213738339
                ],
                [
                    0.006212601168030365,
                    0.2779827070687658,
                    0.7158046917632054
                ],
                [
                    0.6339069951148154,
                    0.3619264865669947,
                    0.004166518318189985
                ],
                [
                    0.0026167028611879988,
                    0.36441413842909365,
                    0.6329691587097188
                ],
                [
                    0.0009435528029136696,
                    0.6237414677358109,
                    0.37531497946127557
                ],
                [
                    0.06361181159219975,
                    0.7944735529669651,
                    0.14191463544083519
                ],
                [
                    0.7245885132700024,
                    0.27465762136908484,
                    0.000753865360913177
                ],
                [
                    0.11651507032511006,
                    0.6819024698060063,
                    0.2015824598688833
                ],
                [
                    0.4161766552861143,
                    0.5804129221680239,
                    0.0034104225458616573
                ],
                [
                    0.01253266838718935,
                    0.20812033599466412,
                    0.7793469956181485
                ],
                [
                    0.04452538673594782,
                    0.4455522734916372,
                    0.5099223397724152
                ],
                [
                    0.011798247538648894,
                    0.44501706198850943,
                    0.5431846904728415
                ],
                [
                    0.021727531167133544,
                    0.6707576809384878,
                    0.3075147878943785
                ],
                [
                    0.017142290039295207,
                    0.1918002674721464,
                    0.7910574424885604
                ],
                [
                    0.3187982641595876,
                    0.6209173157760594,
                    0.06028442006435335
                ],
                [
                    0.017319303328277677,
                    0.4314202696727904,
                    0.5512604269989317
                ],
                [
                    0.013803083377720503,
                    0.14815441734414656,
                    0.8380424992781343
                ],
                [
                    0.2575056267029197,
                    0.7146999724183845,
                    0.027794400878695533
                ],
                [
                    0.8547189290800941,
                    0.14511130665613028,
                    0.0001697642637758154
                ],
                [
                    0.6666326703520157,
                    0.33010487428878776,
                    0.0032624553591968537
                ],
                [
                    0.0007776967765342233,
                    0.3005496285176696,
                    0.6986726747057963
                ],
                [
                    0.34904510120561427,
                    0.6464743146186113,
                    0.00448058417577424
                ],
                [
                    0.005429061191773603,
                    0.31313412284097947,
                    0.6814368159672487
                ],
                [
                    0.007784767716500354,
                    0.24936414841188645,
                    0.7428510838716141
                ],
                [
                    0.8794452676150672,
                    0.1197998652355868,
                    0.0007548671493454959
                ],
                [
                    0.012688774456845624,
                    0.6902757756600245,
                    0.2970354498831295
                ],
                [
                    0.004169349217506281,
                    0.29416578556286455,
                    0.7016648652196301
                ],
                [
                    0.0006608571725031975,
                    0.1566163469210046,
                    0.8427227959064931
                ],
                [
                    0.0022469273309399175,
                    0.4958452435174537,
                    0.5019078291516065
                ],
                [
                    0.5327054432458319,
                    0.4612127023578602,
                    0.006081854396307625
                ],
                [
                    0.01722406270419356,
                    0.16182603355495245,
                    0.8209499037408544
                ],
                [
                    0.7437151075522977,
                    0.24875207737013294,
                    0.007532815077570142
                ],
                [
                    0.9276603762445199,
                    0.07088822972745167,
                    0.0014513940280283045
                ],
                [
                    0.4328774061684388,
                    0.5127071315773829,
                    0.054415462254178294
                ],
                [
                    0.28203576427278965,
                    0.7038567510946718,
                    0.014107484632538332
                ],
                [
                    0.017286897042280973,
                    0.4178316820884766,
                    0.5648814208692426
                ],
                [
                    0.8509612339297028,
                    0.12991335623163452,
                    0.019125409838662802
                ],
                [
                    0.1966941630887365,
                    0.796031118062624,
                    0.007274718848639215
                ],
                [
                    0.3471316174609956,
                    0.6521479589593724,
                    0.0007204235796314546
                ],
                [
                    0.005596477742738159,
                    0.40588870908072605,
                    0.5885148131765359
                ],
                [
                    0.043967870047960364,
                    0.456525464427128,
                    0.49950666552491146
                ],
                [
                    0.0016660558432972968,
                    0.5565350270135347,
                    0.4417989171431677
                ],
                [
                    0.02744751358001661,
                    0.26341461562807145,
                    0.7091378707919117
                ],
                [
                    0.9624928465179104,
                    0.03727116681861726,
                    0.0002359866634722888
                ],
                [
                    0.3789339994810333,
                    0.6171215539278211,
                    0.003944446591145823
                ],
                [
                    0.2325567258865471,
                    0.7187919833010248,
                    0.04865129081242752
                ],
                [
                    0.9295028686083858,
                    0.06989061772824319,
                    0.0006065136633708529
                ],
                [
                    0.1379584078529486,
                    0.7044547433233423,
                    0.15758684882370916
                ],
                [
                    0.012220258919175803,
                    0.4810122175423321,
