{
    "F_fanger": {
        "ET": {
            "y_test": [
                1,
                0,
                1,
                0,
                0,
                0,
                1,
                0,
                0,
                0,
                1,
                1,
                -1,
                1,
                0,
                -1,
                0,
                0,
                1,
                -1,
                1,
                1,
                -1,
                0,
                0,
                -1,
                0,
                -1,
                -1,
                0,
                -1,
                1,
                1,
                1,
                -1,
                1,
                1,
                -1,
                1,
                1,
                1,
                1,
                0,
                1,
                0,
                -1,
                0,
                -1,
                1,
                0,
                -1,
                1,
                0,
                -1,
                0,
                -1,
                1,
                1,
                -1,
                1,
                1,
                1,
                1,
                0,
                0,
                1,
                -1,
                -1,
                -1,
                -1,
                0,
                1,
                -1,
                1,
                -1,
                1,
                0,
                0,
                1,
                -1,
                0,
                -1,
                -1,
                -1,
                -1,
                1,
                0,
                0,
                1,
                1,
                1,
                -1,
                0,
                1,
                -1,
                0,
                0,
                -1,
                1,
                0,
                1,
                -1,
                0,
                -1,
                1,
                1,
                1,
                1,
                1,
                -1,
                0,
                1,
                0,
                -1,
                0,
                1,
                -1,
                0,
                1,
                -1,
                0,
                0,
                1,
                1,
                -1,
                1,
                -1,
                -1,
                0,
                0,
                1,
                -1,
                0,
                0,
                0,
                1,
                1,
                -1,
                -1,
                -1,
                0,
                -1,
                0,
                0,
                0,
                0,
                -1,
                1,
                0,
                1,
                1,
                0,
                0,
                0,
                0,
                0,
                0,
                -1,
                -1,
                1,
                0,
                1,
                0,
                0,
                -1,
                1,
                1,
                0,
                0,
                -1,
                0,
                -1,
                0,
                0,
                1,
                1,
                1,
                -1,
                0,
                1,
                1,
                -1,
                0,
                -1,
                -1,
                0,
                1,
                0,
                1,
                0,
                -1,
                0,
                0,
                0,
                0,
                1,
                0,
                1,
                1,
                0,
                1,
                1,
                -1,
                -1,
                0,
                -1,
                1,
                1,
                0,
                -1,
                -1,
                1,
                1,
                -1,
                -1,
                0,
                0,
                -1,
                1,
                -1,
                0,
                1,
                -1,
                1,
                -1,
                0,
                0,
                1,
                0,
                -1,
                -1,
                1,
                1,
                0,
                -1,
                1,
                1,
                1,
                1,
                0,
                0,
                1,
                1,
                0,
                0,
                0,
                0,
                0,
                0,
                -1,
                1,
                0,
                1,
                -1,
                0,
                1,
                0,
                0,
                -1,
                0,
                0,
                1,
                1,
                0,
                0,
                1,
                0,
                -1,
                1,
                -1,
                -1,
                0,
                1,
                -1,
                1,
                0,
                -1,
                0,
                0,
                1,
                0,
                -1,
                1,
                1,
                0,
                1,
                1,
                0,
                -1,
                -1,
                1,
                1,
                1,
                -1,
                0,
                0,
                -1,
                0,
                0,
                0,
                0,
                0,
                -1,
                1,
                1,
                1,
                0,
                1,
                -1,
                0,
                -1,
                1,
                0,
                -1,
                -1,
                -1,
                -1,
                0,
                -1,
                -1,
                1,
                -1,
                0,
                1,
                -1,
                -1,
                -1,
                0,
                0,
                1,
                1,
                1,
                1,
                -1,
                1,
                0,
                0,
                -1,
                0,
                0,
                1,
                -1,
                0,
                0,
                0,
                -1,
                0,
                -1,
                -1,
                -1,
                -1,
                0,
                -1,
                0,
                1,
                0,
                0,
                1,
                -1,
                -1,
                -1,
                -1,
                0,
                1,
                -1,
                1,
                1,
                0,
                1,
                -1,
                1,
                0,
                0,
                -1,
                1,
                0,
                0,
                0,
                0,
                0,
                0,
                1,
                1,
                0,
                1,
                1,
                -1,
                0,
                0,
                -1,
                1,
                0,
                -1,
                -1,
                1,
                -1,
                0,
                1,
                0,
                0,
                0,
                -1,
                -1,
                1,
                1,
                0,
                0,
                1,
                0,
                0,
                -1,
                -1,
                0,
                1,
                1,
                0,
                1,
                1,
                0,
                0,
                0,
                1,
                0,
                1,
                0,
                0,
                0,
                0,
                1,
                0,
                0,
                -1,
                1,
                0,
                0,
                -1,
                -1,
                1,
                1,
                0,
                -1,
                1,
                1,
                1,
                1,
                0,
                0,
                0,
                1,
                0,
                1
            ],
            "y_pred": [
                1,
                0,
                1,
                0,
                0,
                1,
                1,
                0,
                -1,
                0,
                1,
                1,
                0,
                1,
                0,
                -1,
                1,
                -1,
                1,
                -1,
                1,
                1,
                0,
                0,
                0,
                -1,
                0,
                -1,
                -1,
                -1,
                -1,
                1,
                1,
                1,
                -1,
                1,
                1,
                -1,
                1,
                1,
                1,
                1,
                0,
                0,
                0,
                -1,
                -1,
                -1,
                1,
                0,
                -1,
                1,
                -1,
                -1,
                0,
                0,
                1,
                1,
                -1,
                1,
                1,
                1,
                1,
                -1,
                0,
                1,
                -1,
                -1,
                -1,
                0,
                0,
                0,
                -1,
                1,
                -1,
                1,
                0,
                0,
                1,
                0,
                0,
                -1,
                -1,
                -1,
                0,
                1,
                0,
                0,
                0,
                1,
                1,
                -1,
                0,
                1,
                -1,
                1,
                1,
                -1,
                1,
                0,
                0,
                -1,
                0,
                0,
                1,
                1,
                1,
                0,
                1,
                0,
                1,
                1,
                0,
                -1,
                -1,
                1,
                0,
                1,
                1,
                -1,
                0,
                1,
                1,
                1,
                -1,
                1,
                -1,
                -1,
                0,
                0,
                1,
                -1,
                0,
                0,
                1,
                0,
                0,
                1,
                -1,
                0,
                0,
                -1,
                0,
                0,
                0,
                0,
                -1,
                1,
                -1,
                1,
                1,
                0,
                1,
                0,
                0,
                0,
                1,
                -1,
                0,
                1,
                0,
                0,
                0,
                0,
                -1,
                1,
                1,
                0,
                -1,
                -1,
                0,
                -1,
                0,
                0,
                1,
                1,
                1,
                -1,
                -1,
                1,
                0,
                -1,
                0,
                -1,
                0,
                0,
                1,
                1,
                0,
                0,
                -1,
                0,
                0,
                1,
                1,
                1,
                0,
                1,
                1,
                0,
                1,
                1,
                0,
                -1,
                0,
                -1,
                1,
                1,
                0,
                -1,
                -1,
                1,
                1,
                -1,
                0,
                0,
                0,
                -1,
                1,
                -1,
                0,
                1,
                -1,
                1,
                -1,
                -1,
                0,
                1,
                1,
                -1,
                -1,
                1,
                1,
                1,
                -1,
                1,
                1,
                1,
                1,
                0,
                0,
                0,
                1,
                0,
                0,
                0,
                0,
                0,
                1,
                -1,
                1,
                0,
                1,
                -1,
                1,
                1,
                -1,
                0,
                -1,
                0,
                0,
                1,
                1,
                0,
                1,
                1,
                1,
                -1,
                1,
                -1,
                -1,
                0,
                1,
                0,
                1,
                0,
                -1,
                0,
                0,
                1,
                1,
                -1,
                1,
                1,
                -1,
                1,
                1,
                -1,
                0,
                -1,
                1,
                1,
                1,
                -1,
                -1,
                0,
                -1,
                0,
                -1,
                0,
                0,
                0,
                -1,
                1,
                1,
                1,
                0,
                1,
                -1,
                1,
                -1,
                1,
                1,
                -1,
                -1,
                -1,
                -1,
                -1,
                -1,
                -1,
                0,
                -1,
                0,
                1,
                0,
                -1,
                -1,
                0,
                -1,
                1,
                1,
                1,
                1,
                -1,
                1,
                0,
                0,
                -1,
                -1,
                0,
                0,
                -1,
                1,
                0,
                1,
                -1,
                1,
                0,
                -1,
                -1,
                -1,
                0,
                -1,
                -1,
                1,
                1,
                1,
                1,
                -1,
                -1,
                -1,
                0,
                0,
                1,
                -1,
                -1,
                1,
                0,
                1,
                -1,
                0,
                1,
                -1,
                -1,
                0,
                0,
                0,
                1,
                0,
                0,
                0,
                1,
                1,
                0,
                0,
                1,
                -1,
                0,
                -1,
                1,
                1,
                0,
                -1,
                0,
                0,
                -1,
                0,
                1,
                1,
                -1,
                0,
                -1,
                -1,
                1,
                1,
                1,
                1,
                1,
                0,
                0,
                -1,
                -1,
                0,
                1,
                0,
                -1,
                1,
                1,
                1,
                0,
                0,
                1,
                0,
                1,
                0,
                1,
                0,
                0,
                0,
                0,
                0,
                -1,
                1,
                -1,
                0,
                0,
                -1,
                1,
                1,
                0,
                -1,
                0,
                1,
                1,
                1,
                0,
                -1,
                0,
                0,
                0,
                1
            ],
            "y_proba": [
                [
                    0.0,
                    0.2741459512709513,
                    0.7258540487290488
                ],
                [
                    0.21637726856476866,
                    0.6747684329559331,
                    0.10885429847929849
                ],
                [
                    0.14177006327006325,
                    0.41179148629148626,
                    0.4464384504384505
                ],
                [
                    0.001217948717948718,
                    0.6497541902541903,
                    0.3490278610278611
                ],
                [
                    0.2066918914418914,
                    0.771113483738484,
                    0.02219462481962482
                ],
                [
                    0.0037014652014652014,
                    0.2354384781884783,
                    0.7608600566100567
                ],
                [
                    0.003958333333333333,
                    0.49325216450216447,
                    0.5027895021645022
                ],
                [
                    0.2698050005550007,
                    0.618865107115107,
                    0.11132989232989234
                ],
                [
                    0.6010976131711425,
                    0.3979932959197668,
                    0.0009090909090909091
                ],
                [
                    0.18029713269186953,
                    0.7048218178020808,
                    0.11488104950604945
                ],
                [
                    0.0,
                    0.09735318766201118,
                    0.9026468123379888
                ],
                [
                    0.004722222222222222,
                    0.43438412078117977,
                    0.560893656996598
                ],
                [
                    0.3474384892068716,
                    0.6460641054207231,
                    0.006497405372405372
                ],
                [
                    0.005309523809523809,
                    0.19981832056832066,
                    0.7948721556221553
                ],
                [
                    0.15963156288156286,
                    0.6580244200244201,
                    0.18234401709401704
                ],
                [
                    0.7795150609194724,
                    0.21473493908052732,
                    0.00575
                ],
                [
                    0.09990932678432678,
                    0.3930438727938729,
                    0.5070468004218005
                ],
                [
                    0.9291877705627707,
                    0.06803445165945164,
                    0.002777777777777778
                ],
                [
                    0.0,
                    0.06539570070452423,
                    0.9346042992954758
                ],
                [
                    0.6776056035467802,
                    0.3131903366241601,
                    0.00920405982905983
                ],
                [
                    0.0026136363636363636,
                    0.44582681901431903,
                    0.5515595446220446
                ],
                [
                    0.0,
                    0.11484101315351315,
                    0.8851589868464869
                ],
                [
                    0.20992366865160988,
                    0.7591779519500105,
                    0.030898379398379392
                ],
                [
                    0.02647810522810523,
                    0.5247247980777393,
                    0.4487970966941554
                ],
                [
                    0.09653661616161616,
                    0.5446633505383505,
                    0.35880003330003324
                ],
                [
                    0.9290954184704183,
                    0.06715458152958154,
                    0.00375
                ],
                [
                    0.07065757853257852,
                    0.8029459915084912,
                    0.12639642995892994
                ],
                [
                    0.5226967293327587,
                    0.4763941797581504,
                    0.0009090909090909091
                ],
                [
                    0.9333249805749807,
                    0.06534168609168609,
                    0.0013333333333333333
                ],
                [
                    0.8255394744144744,
                    0.17446052558552563,
                    0.0
                ],
                [
                    0.9338896103896104,
                    0.0661103896103896,
                    0.0
                ],
                [
                    0.0,
                    0.16638198606948604,
                    0.833618013930514
                ],
                [
                    0.006680555555555556,
                    0.19502892940392946,
                    0.7982905150405152
                ],
                [
                    0.0,
                    0.45453872924461186,
                    0.5454612707553883
                ],
                [
                    0.6776634125678244,
                    0.3055607937813819,
                    0.01677579365079365
                ],
                [
                    0.023844842657342658,
                    0.22157928876678887,
                    0.7545758685758684
                ],
                [
                    0.007418650793650793,
                    0.33857274669774684,
                    0.6540086025086025
                ],
                [
                    0.8673880162235423,
                    0.1313619837764574,
                    0.00125
                ],
                [
                    0.008420634920634922,
                    0.1985699994449994,
                    0.7930093656343655
                ],
                [
                    0.0834963231213231,
                    0.4364357378732378,
                    0.48006793900543926
                ],
                [
                    0.0016250000000000001,
                    0.24524198024198016,
                    0.7531330197580199
                ],
                [
                    0.0,
                    0.1575577657636481,
                    0.8424422342363519
                ],
                [
                    0.38817424242424237,
                    0.6054545454545456,
                    0.006371212121212121
                ],
                [
                    0.16789703352203347,
                    0.5370196747696747,
                    0.29508329170829173
                ],
                [
                    0.0016538461538461542,
                    0.5789256299256297,
                    0.4194205239205241
                ],
                [
                    0.9919999999999999,
                    0.008,
                    0.0
                ],
                [
                    0.5825358599733599,
                    0.40469490925740925,
                    0.012769230769230769
                ],
                [
                    0.9757664835164835,
                    0.023733516483516483,
                    0.0005
                ],
                [
                    0.0005,
                    0.1452792485292485,
                    0.8542207514707516
                ],
                [
                    0.0008333333333333333,
                    0.6667790265290264,
                    0.3323876401376402
                ],
                [
                    0.5816287601287597,
                    0.3637366244866245,
                    0.05463461538461537
                ],
                [
                    0.0,
                    0.2103718642468642,
                    0.7896281357531362
                ],
                [
                    0.6118850177600178,
                    0.3864899822399821,
                    0.0016250000000000001
                ],
                [
                    0.8694233891108893,
                    0.11159688228438228,
                    0.018979728604728605
                ],
                [
                    0.11262713675213672,
                    0.8450172882672884,
                    0.042355574980574975
                ],
                [
                    0.2423720723720724,
                    0.738929514929515,
                    0.0186984126984127
                ],
                [
                    0.0,
                    0.4526857954137366,
                    0.5473142045862633
                ],
                [
                    0.0,
                    0.3039467338217338,
                    0.6960532661782663
                ],
                [
                    0.8951071012321014,
                    0.1048928987678987,
                    0.0
                ],
                [
                    0.0,
                    0.31174442632530863,
                    0.688255573674691
                ],
                [
                    0.0,
                    0.48397960372960386,
                    0.5160203962703962
                ],
                [
                    0.0011111111111111111,
                    0.20759390609390616,
                    0.7912949827949827
                ],
                [
                    0.0,
                    0.15964339826839827,
                    0.8403566017316018
                ],
                [
                    0.44206324231324245,
                    0.40811829836829827,
                    0.1498184593184593
                ],
                [
                    0.04104455266955267,
                    0.5684639943389945,
                    0.3904914529914529
                ],
                [
                    0.0,
                    0.15460686535686527,
                    0.8453931346431348
                ],
                [
                    0.9171052836052835,
                    0.07696416083916084,
                    0.005930555555555555
                ],
                [
                    0.9483340964590965,
                    0.048273046398046394,
                    0.003392857142857143
                ],
                [
                    0.7840554029304028,
                    0.20844459706959714,
                    0.0075
                ],
                [
                    0.26400270562770556,
                    0.7288306277056279,
                    0.007166666666666667
                ],
                [
                    0.022646103896103897,
                    0.5323043276168277,
                    0.44504956848706845
                ],
                [
                    0.037918276168276165,
                    0.5450726773226772,
                    0.41700904650904663
                ],
                [
                    0.7377500277500278,
                    0.25662497224997227,
                    0.005625
                ],
                [
                    0.0,
                    0.12207277444777442,
                    0.8779272255522256
                ],
                [
                    0.9794188311688313,
                    0.02058116883116883,
                    0.0
                ],
                [
                    0.0,
                    0.03450992063492063,
                    0.9654900793650794
                ],
                [
                    0.1433334443334443,
                    0.796584138084138,
                    0.060082417582417585
                ],
                [
                    0.3001770305717675,
                    0.5620616612919245,
                    0.1377613081363081
                ],
                [
                    0.0,
                    0.11783194583194584,
                    0.8821680541680541
                ],
                [
                    0.1713401043401043,
                    0.8015680291930292,
                    0.027091866466866458
                ],
                [
                    0.0841589464457111,
                    0.8756344407226762,
                    0.04020661283161282
                ],
                [
                    0.9452213203463203,
                    0.05406439393939394,
                    0.0007142857142857143
                ],
                [
                    0.9019176101676102,
                    0.09716572316572313,
                    0.0009166666666666668
                ],
                [
                    0.9545411255411257,
                    0.04545887445887446,
                    0.0
                ],
                [
                    0.3665383001501421,
                    0.6262854177985759,
                    0.0071762820512820515
                ],
                [
                    0.007508116883116883,
                    0.34002629519173644,
                    0.6524655879251468
                ],
                [
                    0.11539742202242204,
                    0.6909765373515371,
                    0.1936260406260406
                ],
                [
                    0.0046906565656565655,
                    0.559453026140526,
                    0.4358563172938173
                ],
                [
                    0.38667043446319743,
                    0.5678708714531083,
                    0.04545869408369408
                ],
                [
                    0.006897727272727272,
                    0.4681573565323564,
                    0.5249449161949162
                ],
                [
                    0.0,
                    0.18209206969501082,
                    0.8179079303049892
                ],
                [
                    0.5063948967698968,
                    0.42744072594072585,
                    0.06616437728937728
                ],
                [
                    0.06251055194805195,
                    0.4733559357309357,
                    0.46413351232101235
                ],
                [
                    0.01601964701964702,
                    0.45241933760683767,
                    0.5315610153735156
                ],
                [
                    0.986718253968254,
                    0.013281746031746032,
                    0.0
                ],
                [
                    0.0005555555555555556,
                    0.4557550088800088,
                    0.5436894355644356
                ],
                [
                    0.005,
                    0.2787705835830836,
                    0.7162294164169163
                ],
                [
                    0.6406727994227999,
                    0.3561486291486294,
                    0.003178571428571428
                ],
                [
                    0.0,
                    0.3971701958172548,
                    0.602829804182745
                ],
                [
                    0.0015340909090909092,
                    0.6741891580641581,
                    0.3242767510267511
                ],
                [
                    0.03717051004551005,
                    0.7855359709734715,
                    0.17729351898101897
                ],
                [
                    0.7473153929403928,
                    0.2526846070596071,
                    0.0
                ],
                [
                    0.08753710178710178,
                    0.7043804112554112,
                    0.208082486957487
                ],
                [
                    0.3988108860094155,
                    0.5964668917683621,
                    0.004722222222222222
                ],
                [
                    0.002611111111111111,
                    0.14501911976911977,
                    0.8523697691197688
                ],
                [
                    0.028966255966255964,
                    0.31746381396381407,
                    0.65356993006993
                ],
                [
                    0.01701010101010101,
                    0.4352611277611277,
                    0.5477287712287712
                ],
                [
                    0.01543034670008354,
                    0.651985836381541,
                    0.3325838169183758
                ],
                [
                    0.006783910533910534,
                    0.20125946969696962,
                    0.7919566197691197
                ],
                [
                    0.29216415039209176,
                    0.6479672459893047,
                    0.05986860361860361
                ],
                [
                    0.005625,
                    0.4485778527028528,
                    0.5457971472971471
                ],
                [
                    0.0037085137085137083,
                    0.14160669885669885,
                    0.8546847874347873
                ],
                [
                    0.21707142857142855,
                    0.759475246975247,
                    0.023453324453324455
                ],
                [
                    0.8094976412476415,
                    0.18978807303807302,
                    0.0007142857142857143
                ],
                [
                    0.6457087079587077,
                    0.3528645243645243,
                    0.0014267676767676768
                ],
                [
                    0.0,
                    0.3297225960314195,
                    0.6702774039685805
                ],
                [
                    0.49742776912629844,
                    0.49960192911663515,
                    0.0029703017570664623
                ],
                [
                    0.005,
                    0.24697041847041845,
                    0.7480295815295814
                ],
                [
                    0.00101010101010101,
                    0.24403319597069598,
                    0.754956703019203
                ],
                [
                    0.8591650016650015,
                    0.14083499833499827,
                    0.0
                ],
                [
                    0.013719336219336218,
                    0.7191031746031747,
                    0.26717748917748924
                ],
                [
                    0.0003846153846153846,
                    0.3780521839271838,
                    0.6215632006882005
                ],
                [
                    0.0,
                    0.2388612776112776,
                    0.761138722388722
                ],
                [
                    0.0037967032967032967,
                    0.49165026640026627,
                    0.5045530303030304
                ],
                [
                    0.5707228674103673,
                    0.4133783230658231,
                    0.015898809523809523
                ],
                [
                    0.007678571428571428,
                    0.15611598124098125,
                    0.8362054473304475
                ],
                [
                    0.736483460983461,
                    0.2582883644133645,
                    0.0052281746031746035
                ],
                [
                    0.9286365717615718,
                    0.07136342823842821,
                    0.0
                ],
                [
                    0.38366463479331114,
                    0.577067688439012,
                    0.03926767676767677
                ],
                [
                    0.2523609862359864,
                    0.7381617549117548,
                    0.009477258852258854
                ],
                [
                    0.017696428571428568,
                    0.4187662753912756,
                    0.5635372960372959
                ],
                [
                    0.9077549186924188,
                    0.08131452575202576,
                    0.010930555555555556
                ],
                [
                    0.19891704129204144,
                    0.7931864385614386,
                    0.007896520146520147
                ],
                [
                    0.43165999278499273,
                    0.5676257215007215,
                    0.0007142857142857143
                ],
                [
                    0.0007142857142857143,
                    0.43445843535549433,
                    0.5648272789302199
                ],
                [
                    0.024672785547785545,
                    0.499110216172716,
                    0.47621699827949854
                ],
                [
                    0.0016538461538461542,
                    0.5931687756687755,
                    0.40517737817737837
                ],
                [
                    0.02244047619047619,
                    0.30172585747585756,
                    0.6758336663336663
                ],
                [
                    0.969348581973582,
                    0.03065141802641803,
                    0.0
                ],
                [
                    0.33944284881784875,
                    0.6552000083250082,
                    0.005357142857142857
                ],
                [
                    0.14923055620849737,
                    0.7218721050191639,
                    0.12889733877233872
                ],
                [
                    0.9753095238095238,
                    0.024690476190476193,
                    0.0
                ],
                [
                    0.13223533411033409,
                    0.7420545496170496,
                    0.1257101162726163
                ],
                [
                    0.004910714285714286,
                    0.49782378732378746,
                    0.49726549839049833
                ],
                [
                    0.003125,
                    0.5616039932289933,
                    0.43527100677100683
                ],
                [
                    0.08983440170940168,
                    0.881518772893773,
                    0.028646825396825396
                ],
                [
                    0.8523997113997109,
