{
    "F_fanger": {
        "ET": {
            "y_test": [
                1,
                0,
                1,
                0,
                0,
                0,
                1,
                0,
                0,
                0,
                1,
                1,
                -1,
                1,
                0,
                -1,
                0,
                0,
                1,
                -1,
                1,
                1,
                -1,
                0,
                0,
                -1,
                0,
                -1,
                -1,
                0,
                -1,
                1,
                1,
                1,
                -1,
                1,
                1,
                -1,
                1,
                1,
                1,
                1,
                0,
                1,
                0,
                -1,
                0,
                -1,
                1,
                0,
                -1,
                1,
                0,
                -1,
                0,
                -1,
                1,
                1,
                -1,
                1,
                1,
                1,
                1,
                0,
                0,
                1,
                -1,
                -1,
                -1,
                -1,
                0,
                1,
                -1,
                1,
                -1,
                1,
                0,
                0,
                1,
                -1,
                0,
                -1,
                -1,
                -1,
                -1,
                1,
                0,
                0,
                1,
                1,
                1,
                -1,
                0,
                1,
                -1,
                0,
                0,
                -1,
                1,
                0,
                1,
                -1,
                0,
                -1,
                1,
                1,
                1,
                1,
                1,
                -1,
                0,
                1,
                0,
                -1,
                0,
                1,
                -1,
                0,
                1,
                -1,
                0,
                0,
                1,
                1,
                -1,
                1,
                -1,
                -1,
                0,
                0,
                1,
                -1,
                0,
                0,
                0,
                1,
                1,
                -1,
                -1,
                -1,
                0,
                -1,
                0,
                0,
                0,
                0,
                -1,
                1,
                0,
                1,
                1,
                0,
                0,
                0,
                0,
                0,
                0,
                -1,
                -1,
                1,
                0,
                1,
                0,
                0,
                -1,
                1,
                1,
                0,
                0,
                -1,
                0,
                -1,
                0,
                0,
                1,
                1,
                1,
                -1,
                0,
                1,
                1,
                -1,
                0,
                -1,
                -1,
                0,
                1,
                0,
                1,
                0,
                -1,
                0,
                0,
                0,
                0,
                1,
                0,
                1,
                1,
                0,
                1,
                1,
                -1,
                -1,
                0,
                -1,
                1,
                1,
                0,
                -1,
                -1,
                1,
                1,
                -1,
                -1,
                0,
                0,
                -1,
                1,
                -1,
                0,
                1,
                -1,
                1,
                -1,
                0,
                0,
                1,
                0,
                -1,
                -1,
                1,
                1,
                0,
                -1,
                1,
                1,
                1,
                1,
                0,
                0,
                1,
                1,
                0,
                0,
                0,
                0,
                0,
                0,
                -1,
                1,
                0,
                1,
                -1,
                0,
                1,
                0,
                0,
                -1,
                0,
                0,
                1,
                1,
                0,
                0,
                1,
                0,
                -1,
                1,
                -1,
                -1,
                0,
                1,
                -1,
                1,
                0,
                -1,
                0,
                0,
                1,
                0,
                -1,
                1,
                1,
                0,
                1,
                1,
                0,
                -1,
                -1,
                1,
                1,
                1,
                -1,
                0,
                0,
                -1,
                0,
                0,
                0,
                0,
                0,
                -1,
                1,
                1,
                1,
                0,
                1,
                -1,
                0,
                -1,
                1,
                0,
                -1,
                -1,
                -1,
                -1,
                0,
                -1,
                -1,
                1,
                -1,
                0,
                1,
                -1,
                -1,
                -1,
                0,
                0,
                1,
                1,
                1,
                1,
                -1,
                1,
                0,
                0,
                -1,
                0,
                0,
                1,
                -1,
                0,
                0,
                0,
                -1,
                0,
                -1,
                -1,
                -1,
                -1,
                0,
                -1,
                0,
                1,
                0,
                0,
                1,
                -1,
                -1,
                -1,
                -1,
                0,
                1,
                -1,
                1,
                1,
                0,
                1,
                -1,
                1,
                0,
                0,
                -1,
                1,
                0,
                0,
                0,
                0,
                0,
                0,
                1,
                1,
                0,
                1,
                1,
                -1,
                0,
                0,
                -1,
                1,
                0,
                -1,
                -1,
                1,
                -1,
                0,
                1,
                0,
                0,
                0,
                -1,
                -1,
                1,
                1,
                0,
                0,
                1,
                0,
                0,
                -1,
                -1,
                0,
                1,
                1,
                0,
                1,
                1,
                0,
                0,
                0,
                1,
                0,
                1,
                0,
                0,
                0,
                0,
                1,
                0,
                0,
                -1,
                1,
                0,
                0,
                -1,
                -1,
                1,
                1,
                0,
                -1,
                1,
                1,
                1,
                1,
                0,
                0,
                0,
                1,
                0,
                1
            ],
            "y_pred": [
                1,
                0,
                0,
                0,
                0,
                1,
                1,
                0,
                -1,
                0,
                1,
                1,
                0,
                1,
                0,
                -1,
                1,
                -1,
                1,
                -1,
                1,
                1,
                0,
                0,
                0,
                -1,
                0,
                -1,
                -1,
                -1,
                -1,
                1,
                1,
                1,
                -1,
                1,
                1,
                -1,
                1,
                1,
                1,
                1,
                0,
                0,
                0,
                -1,
                -1,
                -1,
                1,
                0,
                -1,
                1,
                -1,
                -1,
                0,
                0,
                1,
                1,
                -1,
                1,
                1,
                1,
                1,
                -1,
                0,
                1,
                -1,
                -1,
                -1,
                0,
                1,
                0,
                -1,
                1,
                -1,
                1,
                0,
                0,
                1,
                0,
                0,
                -1,
                -1,
                -1,
                0,
                1,
                0,
                0,
                0,
                0,
                1,
                -1,
                0,
                1,
                -1,
                1,
                1,
                -1,
                1,
                0,
                0,
                -1,
                0,
                0,
                1,
                1,
                1,
                0,
                1,
                0,
                1,
                1,
                0,
                -1,
                -1,
                1,
                0,
                1,
                1,
                -1,
                0,
                1,
                1,
                0,
                -1,
                1,
                -1,
                -1,
                0,
                0,
                1,
                -1,
                0,
                0,
                1,
                1,
                0,
                1,
                -1,
                0,
                0,
                -1,
                0,
                1,
                0,
                0,
                -1,
                1,
                -1,
                1,
                1,
                0,
                1,
                0,
                0,
                0,
                1,
                -1,
                -1,
                1,
                0,
                0,
                0,
                0,
                -1,
                1,
                1,
                0,
                -1,
                -1,
                0,
                -1,
                0,
                0,
                1,
                1,
                1,
                -1,
                -1,
                1,
                0,
                -1,
                0,
                -1,
                0,
                0,
                1,
                1,
                -1,
                0,
                -1,
                0,
                0,
                1,
                1,
                1,
                0,
                1,
                1,
                0,
                1,
                1,
                0,
                -1,
                0,
                -1,
                1,
                1,
                0,
                -1,
                -1,
                1,
                1,
                -1,
                0,
                0,
                0,
                -1,
                1,
                -1,
                0,
                1,
                -1,
                1,
                -1,
                -1,
                0,
                1,
                1,
                -1,
                -1,
                1,
                1,
                1,
                -1,
                1,
                1,
                1,
                1,
                0,
                0,
                0,
                1,
                1,
                0,
                0,
                -1,
                0,
                1,
                -1,
                1,
                0,
                1,
                -1,
                1,
                1,
                -1,
                0,
                -1,
                0,
                0,
                1,
                1,
                0,
                1,
                1,
                1,
                -1,
                1,
                -1,
                -1,
                0,
                1,
                0,
                1,
                0,
                -1,
                0,
                0,
                1,
                1,
                -1,
                1,
                1,
                -1,
                1,
                1,
                -1,
                0,
                -1,
                1,
                1,
                1,
                -1,
                -1,
                0,
                -1,
                0,
                -1,
                1,
                0,
                0,
                -1,
                1,
                1,
                1,
                0,
                1,
                -1,
                1,
                -1,
                1,
                1,
                0,
                -1,
                -1,
                -1,
                -1,
                -1,
                -1,
                0,
                -1,
                -1,
                1,
                0,
                -1,
                -1,
                0,
                -1,
                1,
                1,
                1,
                1,
                -1,
                1,
                0,
                0,
                -1,
                -1,
                0,
                0,
                -1,
                1,
                0,
                1,
                -1,
                1,
                0,
                -1,
                -1,
                -1,
                0,
                -1,
                -1,
                1,
                1,
                1,
                1,
                -1,
                -1,
                -1,
                0,
                0,
                1,
                -1,
                -1,
                1,
                0,
                1,
                -1,
                0,
                0,
                -1,
                -1,
                0,
                0,
                0,
                1,
                0,
                0,
                0,
                1,
                1,
                0,
                0,
                1,
                -1,
                0,
                0,
                1,
                1,
                0,
                -1,
                0,
                0,
                -1,
                0,
                1,
                1,
                -1,
                0,
                -1,
                -1,
                1,
                0,
                0,
                1,
                1,
                0,
                0,
                -1,
                -1,
                0,
                1,
                0,
                -1,
                1,
                1,
                1,
                0,
                0,
                1,
                0,
                1,
                0,
                1,
                0,
                0,
                0,
                0,
                0,
                -1,
                1,
                -1,
                0,
                0,
                -1,
                0,
                1,
                0,
                -1,
                0,
                1,
                1,
                1,
                0,
                -1,
                0,
                0,
                0,
                1
            ],
            "y_proba": [
                [
                    0.0,
                    0.29010020973178874,
                    0.7098997902682112
                ],
                [
                    0.25846775446775444,
                    0.6342112054612055,
                    0.10732104007104006
                ],
                [
                    0.13454455266955262,
                    0.4602021173271173,
                    0.4052533300033299
                ],
                [
                    0.0008333333333333333,
                    0.6176135669885666,
                    0.38155309967809986
                ],
                [
                    0.21426078548214778,
                    0.7600344886881265,
                    0.02570472582972583
                ],
                [
                    0.004047619047619047,
                    0.2690793993588112,
                    0.7268729815935697
                ],
                [
                    0.0018831168831168832,
                    0.46310779498279525,
                    0.535009088134088
                ],
                [
                    0.3055789141414141,
                    0.570757672882673,
                    0.12366341297591293
                ],
                [
                    0.5691633089133087,
                    0.4257057387057388,
                    0.00513095238095238
                ],
                [
                    0.178877448939949,
                    0.6822036505161502,
                    0.13891890054390055
                ],
                [
                    0.0,
                    0.12213118825618827,
                    0.8778688117438116
                ],
                [
                    0.0025,
                    0.4254294316794316,
                    0.5720705683205682
                ],
                [
                    0.3870779363610247,
                    0.5920813349232467,
                    0.020840728715728715
                ],
                [
                    0.0007142857142857143,
                    0.17500883838383843,
                    0.8242768759018757
                ],
                [
                    0.1691369047619047,
                    0.6065533469798173,
                    0.2243097482582777
                ],
                [
                    0.8349933885558888,
                    0.1633399447774448,
                    0.0016666666666666666
                ],
                [
                    0.11514097014097015,
                    0.4388460983460983,
                    0.44601293151293164
                ],
                [
                    0.9375871905871905,
                    0.059912809412809416,
                    0.0025
                ],
                [
                    0.0,
                    0.0580616883116883,
                    0.9419383116883118
                ],
                [
                    0.6120047938172939,
                    0.37990851509601514,
                    0.008086691086691085
                ],
                [
                    0.0015000000000000002,
                    0.38086796536796547,
                    0.6176320346320348
                ],
                [
                    0.0,
                    0.09743606393606394,
                    0.9025639360639357
                ],
                [
                    0.21543808968808972,
                    0.7443847957597953,
                    0.04017711455211455
                ],
                [
                    0.02236242923742924,
                    0.498939484126984,
                    0.4786980866355865
                ],
                [
                    0.07580368242868242,
                    0.5738864607614608,
                    0.3503098568098568
                ],
                [
                    0.9678203601953603,
                    0.02935424297924298,
                    0.0028253968253968255
                ],
                [
                    0.06202752802752801,
                    0.7750323010323011,
                    0.16294017094017094
                ],
                [
                    0.5283764083139081,
                    0.46967914724164744,
                    0.0019444444444444442
                ],
                [
                    0.957592476967477,
                    0.04185196747696748,
                    0.0005555555555555556
                ],
                [
                    0.8478110223110222,
                    0.15218897768897763,
                    0.0
                ],
                [
                    0.9262649711399712,
                    0.07373502886002886,
                    0.0
                ],
                [
                    0.0,
                    0.16247118159618154,
                    0.8375288184038183
                ],
                [
                    0.0017698412698412696,
                    0.1857086524586524,
                    0.8125215062715064
                ],
                [
                    0.00045454545454545455,
                    0.43631644050394064,
                    0.5632290140415139
                ],
                [
                    0.6840280332412685,
                    0.30040830819507297,
                    0.015563658563658562
                ],
                [
                    0.006831349206349206,
                    0.22186574454956812,
                    0.7713029062440826
                ],
                [
                    0.006686507936507936,
                    0.2981258578023286,
                    0.6951876342611638
                ],
                [
                    0.9209780636030633,
                    0.077137321012321,
                    0.0018846153846153848
                ],
                [
                    0.009444444444444445,
                    0.24699714174714177,
                    0.7435584138084137
                ],
                [
                    0.06414993339993337,
                    0.43279954930690256,
                    0.5030505172931641
                ],
                [
                    0.005995421245421245,
                    0.2645511228967111,
                    0.7294534558578676
                ],
                [
                    0.0,
                    0.1680336885336885,
                    0.8319663114663116
                ],
                [
                    0.41439746364746355,
                    0.5746799173049174,
                    0.010922619047619049
                ],
                [
                    0.18247943722943724,
                    0.5421228746743452,
                    0.27539768809621745
                ],
                [
                    0.0019230769230769232,
                    0.5882880314130314,
                    0.40978889166389143
                ],
                [
                    0.9955277777777778,
                    0.003222222222222222,
                    0.00125
                ],
                [
                    0.6074542173512762,
                    0.3880255806285217,
                    0.00452020202020202
                ],
                [
                    0.9844476911976912,
                    0.013996753246753247,
                    0.0015555555555555557
                ],
                [
                    0.0005,
                    0.11793452380952381,
                    0.8815654761904763
                ],
                [
                    0.0008333333333333333,
                    0.5547900016650015,
                    0.44437666500166517
                ],
                [
                    0.5541706191125697,
                    0.40117952380007343,
                    0.04464985708735708
                ],
                [
                    0.0,
                    0.22499890825548718,
                    0.7750010917445129
                ],
                [
                    0.6035036907536907,
                    0.3955141663891665,
                    0.0009821428571428572
                ],
                [
                    0.8210600698321285,
                    0.15151070661364782,
                    0.027429223554223555
                ],
                [
                    0.12534256021756016,
                    0.8238634698634695,
                    0.05079396991896993
                ],
                [
                    0.23571017871017866,
                    0.7414890456765455,
                    0.022800775613275617
                ],
                [
                    0.0,
                    0.45869839882339897,
                    0.5413016011766012
                ],
                [
                    0.0,
                    0.3018992951492951,
                    0.6981007048507049
                ],
                [
                    0.8730248154623154,
                    0.12697518453768455,
                    0.0
                ],
                [
                    0.0,
                    0.33576566489066495,
                    0.664234335109335
                ],
                [
                    0.0,
                    0.40046626984126976,
                    0.5995337301587303
                ],
                [
                    0.0,
                    0.20858413808413803,
                    0.7914158619158614
                ],
                [
                    0.0008333333333333333,
                    0.15702175071660365,
                    0.8421449159500631
                ],
                [
                    0.5288251748251747,
                    0.3431495795870795,
                    0.12802524558774556
                ],
                [
                    0.029645562770562774,
                    0.6089393106893111,
                    0.3614151265401264
                ],
                [
                    0.0,
                    0.16031286768786765,
                    0.8396871323121319
                ],
                [
                    0.9259667094601305,
                    0.0693708973774763,
                    0.004662393162393162
                ],
                [
                    0.9443842407592408,
                    0.054446928071928066,
                    0.0011688311688311688
                ],
                [
                    0.822148330835831,
                    0.17396278027528034,
                    0.0038888888888888883
                ],
                [
                    0.29120644633144627,
                    0.6922773199023199,
                    0.016516233766233762
                ],
                [
                    0.01576190476190476,
                    0.4876512433644789,
                    0.49658685187361634
                ],
                [
                    0.04897718947718949,
                    0.5649313048063049,
                    0.38609150571650547
                ],
                [
                    0.7978118964368964,
                    0.19766255966255974,
                    0.004525543900543901
                ],
                [
                    0.0,
                    0.11636532911532906,
                    0.8836346708846708
                ],
                [
                    0.9835436507936508,
                    0.016456349206349207,
                    0.0
                ],
                [
                    0.0,
                    0.03755555555555556,
                    0.9624444444444445
                ],
                [
                    0.1458372738372738,
                    0.7938281718281718,
                    0.060334554334554334
                ],
                [
                    0.2430989635364635,
                    0.6225202644577642,
                    0.134380772005772
                ],
                [
                    0.0,
                    0.10811224886224886,
                    0.8918877511377511
                ],
                [
                    0.1824986402486402,
                    0.786339923964924,
                    0.031161435786435793
                ],
                [
                    0.09376469363969363,
                    0.8621533050283051,
                    0.04408200133200133
                ],
                [
                    0.9547566877566875,
                    0.045243312243312246,
                    0.0
                ],
                [
                    0.9074670607170607,
                    0.09253293928293928,
                    0.0
                ],
                [
                    0.9434348845598844,
                    0.055850829725829734,
                    0.0007142857142857143
                ],
                [
                    0.2869666305916305,
                    0.7074936868686872,
                    0.005539682539682539
                ],
                [
                    0.011718434343434345,
                    0.3550000599890305,
                    0.6332815056675349
                ],
                [
                    0.09112830919080919,
                    0.6756674714174717,
                    0.2332042193917194
                ],
                [
                    0.003839285714285714,
                    0.5845906524031524,
                    0.41157006188256196
                ],
                [
                    0.3818680184194889,
                    0.5845794924030216,
                    0.033552489177489174
                ],
                [
                    0.0018392857142857143,
                    0.5249450802465506,
                    0.4732156340391637
                ],
                [
                    0.0,
                    0.17824912587412586,
                    0.8217508741258741
                ],
                [
                    0.5853352827727825,
                    0.3769694055944057,
                    0.03769531163281163
                ],
                [
                    0.060600385725385716,
                    0.4857390526140529,
                    0.45366056166056157
                ],
                [
                    0.013949356199356201,
                    0.4711752136752137,
                    0.5148754301254302
                ],
                [
                    0.9902777777777778,
                    0.009722222222222222,
                    0.0
                ],
                [
                    0.0,
                    0.44922410922410905,
                    0.5507758907758911
                ],
                [
                    0.008472222222222223,
                    0.29266113053613046,
                    0.698866647241647
                ],
                [
                    0.6556228008103007,
                    0.3426271991896992,
                    0.0017499999999999998
                ],
                [
                    0.0005,
                    0.37607964257964244,
                    0.6234203574203573
                ],
                [
                    0.0009090909090909091,
                    0.6590286588411592,
                    0.34006225024975045
                ],
                [
                    0.04581898656898657,
                    0.8021471306471304,
                    0.15203388278388272
                ],
                [
                    0.7378730713730716,
                    0.2621269286269286,
                    0.0
                ],
                [
                    0.1142845140970141,
                    0.7119333350473055,
                    0.17378215085568033
                ],
                [
                    0.3875956820956821,
                    0.608654317904318,
                    0.00375
                ],
                [
                    0.007611111111111111,
                    0.15766260128760126,
                    0.8347262876012874
                ],
                [
                    0.040727577977577985,
                    0.454804950768186,
                    0.5044674712542361
                ],
                [
                    0.007648809523809523,
                    0.46764889277389293,
                    0.5247022977022976
                ],
                [
                    0.013069499944499945,
                    0.6614591380841381,
                    0.32547136197136195
                ],
                [
                    0.0059289321789321794,
                    0.20443908868908864,
                    0.7896319791319787
                ],
                [
                    0.30847597541347543,
                    0.6383846084471083,
                    0.05313941613941614
                ],
                [
                    0.007142857142857142,
                    0.4395429986679986,
                    0.5533141441891442
                ],
                [
                    0.002398989898989899,
                    0.17390605228105221,
                    0.8236949578199578
                ],
                [
                    0.2137366522366523,
                    0.7673777403152404,
                    0.018885607448107446
                ],
                [
                    0.8596674575424573,
                    0.13896890609390605,
                    0.0013636363636363635
                ],
                [
                    0.6644813658563661,
                    0.3338936341436343,
                    0.0016250000000000001
                ],
                [
                    0.00125,
                    0.2853829087579087,
                    0.7133670912420912
                ],
                [
                    0.40878595016095004,
                    0.5844445693195697,
                    0.006769480519480519
                ],
                [
                    0.0005555555555555556,
                    0.2518249111999113,
                    0.7476195332445333
                ],
                [
                    0.010037878787878788,
                    0.2765163145677851,
                    0.7134458066443357
                ],
                [
                    0.8357076118326119,
                    0.16429238816738817,
                    0.0
                ],
                [
                    0.016817460317460318,
                    0.7105023448773449,
                    0.27268019480519473
                ],
                [
                    0.00156517094017094,
                    0.30010193972693977,
                    0.6983328893328893
                ],
                [
                    0.0025,
                    0.21311682761682765,
                    0.7843831723831723
                ],
                [
                    0.0030341880341880345,
                    0.5304422105672106,
                    0.4665236013986014
                ],
                [
                    0.5455007423132421,
                    0.44785640054390075,
                    0.006642857142857144
                ],
                [
                    0.0055059523809523805,
                    0.13371572871572876,
                    0.8607783189033189
                ],
                [
                    0.7569500291375288,
                    0.23541993423243432,
                    0.007630036630036629
                ],
                [
                    0.9119966031775242,
                    0.08684955066862958,
                    0.001153846153846154
                ],
                [
                    0.4294672341547341,
                    0.5215523643023644,
                    0.048980401542901536
                ],
                [
                    0.24384325396825404,
                    0.7476507936507937,
                    0.008505952380952381
                ],
                [
                    0.017569444444444443,
                    0.41928576978576987,
                    0.5631447857697857
                ],
                [
                    0.919455710955711,
                    0.06760243922743922,
                    0.01294184981684982
                ],
                [
                    0.22010241147741147,
                    0.7725700271950275,
                    0.0073275613275613286
                ],
                [
                    0.4778268161576985,
                    0.5221731838423015,
                    0.0
                ],
                [
                    0.0021666666666666666,
                    0.44555878843378843,
                    0.552274544899545
                ],
                [
                    0.030699841824841822,
                    0.4824169506963628,
                    0.4868832074787956
                ],
                [
                    0.0019230769230769232,
                    0.6023402708402709,
                    0.395736652236652
                ],
                [
                    0.015097402597402595,
                    0.2829357284871992,
                    0.7019668689153983
                ],
                [
                    0.9665110722610722,
                    0.03348892773892774,
                    0.0
                ],
                [
                    0.3956399642024641,
                    0.6043600357975363,
                    0.0
                ],
                [
                    0.1723474442224442,
                    0.7089919663669662,
                    0.11866058941058942
                ],
                [
                    0.9467572427572426,
                    0.05136775724275724,
                    0.001875
                ],
                [
                    0.11920034132534128,
                    0.7157132091764444,
                    0.1650864494982142
                ],
                [
                    0.0012142857142857142,
                    0.43650797813297815,
                    0.5622777361527361
                ],
                [
                    0.005593434343434344,
                    0.5505368450993451,
                    0.44386972055722057
                ],
                [
                    0.09618474580974577,
                    0.8631645021645018,
